drive:
  panda_finger_joint1: 0.040005117654800415
  panda_finger_joint2: 0.040005117654800415
  panda_joint1: -0.10878793801132002
  panda_joint2: -1.6113323496323408
  panda_joint3: -0.02548532369080845
  panda_joint4: -2.3967515785500666
  panda_joint5: -0.00
  panda_joint6: 0.8474337912135654
  panda_joint7: 0.7098095550197832

grip:
  panda_finger_joint1: 0.040005117654800415
  panda_finger_joint2: 0.040005117654800415
  panda_joint1: -0.14587633297108768
  panda_joint2: 0.3906767402753937
  panda_joint3: 0.12001699643754168
  panda_joint4: -2.2972822862049256
  panda_joint5: 0.00
  panda_joint6: 2.7372357257116406
  panda_joint7: -0.8467755600694153
  
min_angle:
  panda_finger_joint1: 0.040005117654800415
  panda_finger_joint2: 0.040005117654800415
  panda_joint1: 0.00
  panda_joint2: 0.00
  panda_joint3: 0.00
  panda_joint4: -1.5708
  panda_joint5: 0.00
  panda_joint6: 1.885
  panda_joint7: 0.00


