grip:
  panda_finger_joint1: 0.04000084847211838
  panda_finger_joint2: 0.04000084847211838
  panda_joint1: -0.12870115857234243
  panda_joint2: -0.23406939264138535
  panda_joint3: 0.11925874948790312
  panda_joint4: -2.7263299499523588
  panda_joint5: 0.030485931228806742
  panda_joint6: 2.543417718463474
  panda_joint7: -0.8412180879295276

drive:
  panda_finger_joint1: 0.04000084847211838
  panda_finger_joint2: 0.04000084847211838
  panda_joint1: -0.01687323141609355
  panda_joint2: -1.3723031496917992
  panda_joint3: 0.02003697989413448
  panda_joint4: -2.05898355701405
  panda_joint5: 0.0252675066275399
  panda_joint6: 0.7060845757060581
  panda_joint7: -2.300628343132437
