kinematics:
  shoulder:
    x: 0
    y: 0
    z: 0.1808311055033057
    roll: -0
    pitch: 0
    yaw: 7.243391880740191e-08
  upper_arm:
    x: 9.397567246024616e-05
    y: 0
    z: 0
    roll: 1.57030647871928
    pitch: 0
    yaw: 2.598996913521756e-07
  forearm:
    x: -0.4782583206097391
    y: 0
    z: 0
    roll: 3.141501157381823
    pitch: -3.141511847100634
    yaw: 3.141590463277033
  wrist_1:
    x: -0.3600007947397609
    y: -0.0007435891678828998
    z: 0.1741445421806092
    roll: 0.004269927954425393
    pitch: 0.0007307950502675881
    yaw: -5.085773580611685e-06
  wrist_2:
    x: -2.559324634670488e-05
    y: -0.1198164824861467
    z: 0.000200209738617758
    roll: 1.569125358426222
    pitch: 0
    yaw: 5.215343985565114e-07
  wrist_3:
    x: 3.837432874657519e-05
    y: 0.1156185851343109
    z: 0.0001169388443552336
    roll: 1.571807745541671
    pitch: 3.141592653589793
    yaw: -3.141592361402548
  hash: calib_4728903814553759723