drive:
  panda_finger_joint1: 0.04000676050782204
  panda_finger_joint2: 0.04000676050782204
  panda_joint1: -0.10879155728900641
  panda_joint2: -1.611322320291191
  panda_joint3: -0.025479326307636913
  panda_joint4: -2.396741800375152
  panda_joint5: -0.051086418012927855
  panda_joint6: 0.847440695815616
  panda_joint7: 0.7098091613907207
