grip:
  elbow_joint: -1.69
  shoulder_lift_joint: -1.3
  shoulder_pan_joint: -3.28
  wrist_1_joint: 4.57
  wrist_2_joint: 1.58
  wrist_3_joint: -1.61

drive:
  elbow_joint: -1.5699194113360804
  shoulder_lift_joint: -0.8796656767474573
  shoulder_pan_joint: 5.992112710373476e-05
  wrist_1_joint: 4.021195888519287
  wrist_2_joint: 1.5598869323730469
  wrist_3_joint: 1.650030493736267