kinematics:
  shoulder:
    x: 0
    y: 0
    z: 0.180921075159366
    roll: -0
    pitch: 0
    yaw: 6.104514218077672e-08
  upper_arm:
    x: 0.0001382535088638515
    y: 0
    z: 0
    roll: 1.570606384931439
    pitch: 0
    yaw: -6.818672389344505e-07
  forearm:
    x: -0.6122024873478061
    y: 0
    z: 0
    roll: 0.0002166890513703995
    pitch: 0.0005870018712085332
    yaw: 1.249064165856076e-05
  wrist_1:
    x: -0.5711573437584568
    y: 0.001689911804062644
    z: 0.1741957377665378
    roll: 3.131891734301624
    pitch: 3.140878468029512
    yaw: 3.141586155444929
  wrist_2:
    x: 4.346411154051284e-07
    y: -0.1197942290434835
    z: 0.0001199760927208487
    roll: 1.569794808995873
    pitch: 0
    yaw: 9.532943708034923e-08
  wrist_3:
    x: 2.588785915406526e-05
    y: 0.1155609745041599
    z: -3.777057091784059e-05
    roll: 1.570469481424001
    pitch: 3.141592653589793
    yaw: 3.141592183331568
  hash: calib_4744379691895509027