kinematics:
  shoulder:
    x: 0
    y: 0
    z: 0.1806634541619433
    roll: -0
    pitch: 0
    yaw: -2.022470660060366e-07
  upper_arm:
    x: 3.599344751504455e-05
    y: 0
    z: 0
    roll: 1.570389653657849
    pitch: 0
    yaw: 2.799850700478851e-06
  forearm:
    x: -0.6124340015666824
    y: 0
    z: 0
    roll: 0.0005081313493825202
    pitch: 0.001188098191012991
    yaw: -6.438451613615993e-06
  wrist_1:
    x: -0.5715602937145822
    y: 0.001022087551682761
    z: 0.173992617652599
    roll: 3.135718405537636
    pitch: -3.139361166839302
    yaw: 3.141583266039508
  wrist_2:
    x: 2.028699968953716e-05
    y: -0.1197596225619912
    z: 0.000244840947728774
    roll: 1.568751893108738
    pitch: 0
    yaw: 6.258005612394534e-07
  wrist_3:
    x: 8.372532252375239e-06
    y: 0.1155601343118063
    z: 1.653506216884101e-05
    roll: 1.570939413008446
    pitch: 3.141592653589793
    yaw: 3.141592007523799
  hash: calib_129949701511865491