kinematics:
  shoulder:
    x: 0
    y: 0
    z: 0.1808274355955959
    roll: -0
    pitch: 0
    yaw: -1.078475077680163e-07
  upper_arm:
    x: 8.745452681294827e-05
    y: 0
    z: 0
    roll: 1.570563324408533
    pitch: 0
    yaw: -5.508287846973733e-06
  forearm:
    x: -0.6124119104409445
    y: 0
    z: 0
    roll: 0.0003694393159718145
    pitch: 0.0008670536026017003
    yaw: -1.698848218839618e-06
  wrist_1:
    x: -0.5713597141732393
    y: -0.001228806530709139
    z: 0.1740087297036858
    roll: 0.007061634822749445
    pitch: -0.0006209663722132322
    yaw: 1.097229278203853e-05
  wrist_2:
    x: -2.413403145352164e-05
    y: -0.1197160852229234
    z: 0.0001586435281663126
    roll: 1.569471162887236
    pitch: 0
    yaw: 5.664025428710195e-07
  wrist_3:
    x: 5.983358233417653e-05
    y: 0.1156299520754826
    z: -5.582205948734442e-05
    roll: 1.570313562129265
    pitch: 3.141592653589793
    yaw: 3.141591895392522
  hash: calib_10500366482648365183