kinematics:
  shoulder:
    x: 0
    y: 0
    z: 0.1806931213174344
    roll: -0
    pitch: 0
    yaw: 5.639334488306835e-07
  upper_arm:
    x: 0.0001272053671019183
    y: 0
    z: 0
    roll: 1.570856712130288
    pitch: 0
    yaw: -3.912271289436016e-06
  forearm:
    x: -0.6123833717376087
    y: 0
    z: 0
    roll: 3.141489850229863
    pitch: 3.141314246708243
    yaw: -3.141589678866936
  wrist_1:
    x: -0.5713997435165817
    y: 0.001452705474323527
    z: 0.1739609425590426
    roll: 3.133242091180996
    pitch: 3.141552225698026
    yaw: 3.141588648027401
  wrist_2:
    x: 5.36975806043523e-05
    y: -0.1197461945655093
    z: 0.000129799916592755
    roll: 1.569712368626314
    pitch: 0
    yaw: -2.811226382237741e-07
  wrist_3:
    x: -9.613897256098568e-05
    y: 0.1155880089317859
    z: 0.0001046471665212106
    roll: 1.571701672763712
    pitch: 3.141592653589793
    yaw: 3.141592567432549
  hash: calib_15154898315320272090