kinematics:
  shoulder:
    x: 0
    y: 0
    z: 0.1807617170589305
    roll: -0
    pitch: 0
    yaw: -4.304032606011754e-07
  upper_arm:
    x: 0.0001111899612461718
    y: 0
    z: 0
    roll: 1.570283715563597
    pitch: 0
    yaw: -4.084013919978168e-06
  forearm:
    x: -0.6123759394230585
    y: 0
    z: 0
    roll: 0.0001951596941818603
    pitch: 3.580576644483936e-05
    yaw: 4.476288050780289e-06
  wrist_1:
    x: -0.5714185722570195
    y: -0.001276226710806249
    z: 0.1739709466665111
    roll: 0.007335729572545534
    pitch: -0.0004958979349537043
    yaw: -3.897650069539864e-06
  wrist_2:
    x: 5.711342517086319e-06
    y: -0.1196484667777005
    z: 0.0001917010379801555
    roll: 1.569194125955156
    pitch: 0
    yaw: 9.59388591181831e-07
  wrist_3:
    x: -4.559378661627881e-05
    y: 0.1154915207344769
    z: 3.212963496307426e-05
    roll: 1.571074525868992
    pitch: 3.141592653589793
    yaw: 3.141592572283336
  hash: calib_16011980854379893452