kinematics:
  shoulder:
    x: 0
    y: 0
    z: 0.1809479713630992
    roll: -0
    pitch: 0
    yaw: -1.424092380547526e-07
  upper_arm:
    x: 0.0001050828850356651
    y: 0
    z: 0
    roll: 1.570374652253428
    pitch: 0
    yaw: -6.359774061192266e-07
  forearm:
    x: -0.6123044831658286
    y: 0
    z: 0
    roll: 0.000437795898604662
    pitch: 0.0003490472318298639
    yaw: 3.486739040051031e-06
  wrist_1:
    x: -0.5713550166797975
    y: -0.0009966793688461473
    z: 0.1741768945681997
    roll: 0.005722162478293834
    pitch: -0.0008600616581497167
    yaw: 3.369396286246527e-06
  wrist_2:
    x: -1.037711801478646e-05
    y: -0.1196945369605653
    z: 0.0001540140121340245
    roll: 1.569509602011572
    pitch: 0
    yaw: 1.218192693590997e-06
  wrist_3:
    x: 1.028146383901002e-05
    y: 0.1155875538426979
    z: 5.28898630345324e-05
    roll: 1.571253900794734
    pitch: 3.141592653589793
    yaw: -3.14159264884844
  hash: calib_14885528730874879159