kinematics:
  shoulder:
    x: 0
    y: 0
    z: 0.1809862716030697
    roll: -0
    pitch: 0
    yaw: -2.119997983759947e-08
  upper_arm:
    x: 0.0001189521963635788
    y: 0
    z: 0
    roll: 1.570445716473262
    pitch: 0
    yaw: -3.600463888418717e-06
  forearm:
    x: -0.6123504837479578
    y: 0
    z: 0
    roll: 0.0006769015623701068
    pitch: 5.785713319325204e-05
    yaw: 3.811088287783351e-06
  wrist_1:
    x: -0.5713612706428757
    y: -0.001166854731704434
    z: 0.1737512475113588
    roll: 0.006715561511804876
    pitch: -0.00052588993217618
    yaw: -4.565657863408499e-06
  wrist_2:
    x: -3.243228196583153e-05
    y: -0.1197274842566785
    z: 0.0001361725920662687
    roll: 1.569658972793055
    pitch: 0
    yaw: -5.514603827038583e-07
  wrist_3:
    x: 3.28141474464505e-05
    y: 0.1156129492667724
    z: 2.171798062353217e-05
    roll: 1.570984177554745
    pitch: 3.141592653589793
    yaw: -3.141592518565552
  hash: calib_11593840841108551959