kinematics:
  shoulder:
    x: 0
    y: 0
    z: 0.1807705309236227
    roll: -0
    pitch: 0
    yaw: 3.670441189734808e-07
  upper_arm:
    x: 7.792706034762448e-05
    y: 0
    z: 0
    roll: 1.570182430060444
    pitch: 0
    yaw: -3.240294391066228e-06
  forearm:
    x: -0.612348887349184
    y: 0
    z: 0
    roll: 0.0003347388090885421
    pitch: 0.0001799609186808786
    yaw: 8.713106782103496e-07
  wrist_1:
    x: -0.5713434949853855
    y: 0.001399796089719172
    z: 0.1739834748141271
    roll: 3.133547257962987
    pitch: 3.141484008718156
    yaw: 3.141590689544555
  wrist_2:
    x: 9.49849898286023e-05
    y: -0.1197970691632824
    z: 0.0001197264669700888
    roll: 1.569796916475892
    pitch: 0
    yaw: -6.681882711231933e-07
  wrist_3:
    x: 5.331657116612276e-05
    y: 0.1155987128858072
    z: -2.657717171409233e-06
    roll: 1.570773335905945
    pitch: 3.141592653589793
    yaw: 3.141592643924699
  hash: calib_14062973764331575412