left:
  panda_finger_joint1: 0.04000183567404747
  panda_finger_joint2: 0.04000183567404747
  panda_joint1: 0.9681285183694638
  panda_joint2: 0.032417648700452974
  panda_joint3: -0.21748999768235489
  panda_joint4: -1.8519914812623408
  panda_joint5: -0.011835614928550401
  panda_joint6: 1.8897835374408298
  panda_joint7: -2.2956230470422243
mid:
  panda_finger_joint1: 0.04000183567404747
  panda_finger_joint2: 0.04000183567404747
  panda_joint1: -0.8473839011317805
  panda_joint2: 0.12718211077739716
  panda_joint3: 0.929497511414448
  panda_joint4: -1.8637120086862535
  panda_joint5: -0.13903738520542502
  panda_joint6: 2.1441894031100803
  panda_joint7: -2.0712808215961434
right:
  panda_finger_joint1: 0.04000183567404747
  panda_finger_joint2: 0.04000183567404747
  panda_joint1: -1.7471281424530765
  panda_joint2: 0.40072815927287986
  panda_joint3: 1.0215175666139835
  panda_joint4: -1.8846429498442214
  panda_joint5: -0.42177768172820407
  panda_joint6: 2.2264280041588678
  panda_joint7: -2.309051197855009
