base:
  panda_finger_joint1: 0.040001507848501205
  panda_finger_joint2: 0.040001507848501205
  panda_joint1: -2.028664143943086
  panda_joint2: -0.7858524411435712
  panda_joint3: -0.6472769939098518
  panda_joint4: -2.218985165445428
  panda_joint5: -0.5065051780343056
  panda_joint6: 1.5795673585467869
  panda_joint7: -0.22235606679154768
drive:
  panda_finger_joint1: 0.040001507848501205
  panda_finger_joint2: 0.040001507848501205
  panda_joint1: -0.024520152039956625
  panda_joint2: -1.6068646246424894
  panda_joint3: -0.029881004903025355
  panda_joint4: -2.3888200171621223
  panda_joint5: -0.03177915639513068
  panda_joint6: 0.859811668448978
  panda_joint7: 0.780774900502433
max_angle:
  panda_finger_joint1: 0.040001507848501205
  panda_finger_joint2: 0.040001507848501205
  panda_joint1: -0.04754119593584746
  panda_joint2: 0.010550721495349311
  panda_joint3: 0.023986251569910515
  panda_joint4: -1.6277962522177316
  panda_joint5: -0.013845468382040657
  panda_joint6: 1.6671784012052748
  panda_joint7: -2.318239826133129
