image: map_05res.pgm
resolution: 0.10000
origin: [0.0, 0.0, 0.000000]
negate: 0
occupied_thresh: 0.65
free_thresh: 0.196

